C000007-10.txt : 0.2631578947368421 0.21052631578947367 0.15789473684210525 0.15789473684210525 0.10526315789473684 0.10526315789473684 
C000007-11.txt : 0.2727272727272727 0.0 0.0 0.5454545454545454 0.0 0.18181818181818182 
C000007-12.txt : 0.1 0.2 0.3 0.2 0.1 0.1 
C000007-13.txt : 0.14285714285714285 0.0 0.47619047619047616 0.0 0.19047619047619047 0.19047619047619047 
C000007-14.txt : 0.0 0.16666666666666666 0.43333333333333335 0.2 0.06666666666666667 0.13333333333333333 
C000007-15.txt : 0.16666666666666666 0.08333333333333333 0.16666666666666666 0.3333333333333333 0.08333333333333333 0.16666666666666666 
C000007-16.txt : 0.0 0.1111111111111111 0.25925925925925924 0.3333333333333333 0.14814814814814814 0.14814814814814814 
C000007-17.txt : 0.3181818181818182 0.0 0.36363636363636365 0.09090909090909091 0.09090909090909091 0.13636363636363635 
C000007-18.txt : 0.06451612903225806 0.2903225806451613 0.22580645161290322 0.12903225806451613 0.12903225806451613 0.16129032258064516 
C000007-19.txt : 0.2857142857142857 0.09523809523809523 0.23809523809523808 0.14285714285714285 0.047619047619047616 0.19047619047619047 
C000008-10.txt : 0.2 0.0 0.26666666666666666 0.2 0.06666666666666667 0.26666666666666666 
C000008-11.txt : 0.18181818181818182 0.13636363636363635 0.4090909090909091 0.045454545454545456 0.13636363636363635 0.09090909090909091 
C000008-12.txt : 0.3225806451612903 0.0967741935483871 0.12903225806451613 0.22580645161290322 0.1935483870967742 0.03225806451612903 
C000008-13.txt : 0.2777777777777778 0.2222222222222222 0.3333333333333333 0.08333333333333333 0.027777777777777776 0.05555555555555555 
C000008-14.txt : 0.034482758620689655 0.034482758620689655 0.06896551724137931 0.2413793103448276 0.034482758620689655 0.5862068965517241 
C000008-15.txt : 0.2962962962962963 0.07407407407407407 0.3333333333333333 0.0 0.14814814814814814 0.14814814814814814 
C000008-16.txt : 0.02857142857142857 0.14285714285714285 0.45714285714285713 0.08571428571428572 0.0 0.2857142857142857 
C000008-17.txt : 0.26666666666666666 0.06666666666666667 0.26666666666666666 0.06666666666666667 0.2 0.13333333333333333 
C000008-18.txt : 0.25 0.17857142857142858 0.03571428571428571 0.07142857142857142 0.14285714285714285 0.32142857142857145 
C000008-19.txt : 0.25925925925925924 0.1111111111111111 0.14814814814814814 0.07407407407407407 0.14814814814814814 0.25925925925925924 
C000010-10.txt : 0.19047619047619047 0.0 0.42857142857142855 0.2857142857142857 0.047619047619047616 0.047619047619047616 
C000010-11.txt : 0.07692307692307693 0.23076923076923078 0.07692307692307693 0.3076923076923077 0.07692307692307693 0.23076923076923078 
C000010-12.txt : 0.2916666666666667 0.20833333333333334 0.125 0.08333333333333333 0.16666666666666666 0.125 
C000010-13.txt : 0.36585365853658536 0.12195121951219512 0.3902439024390244 0.024390243902439025 0.04878048780487805 0.04878048780487805 
C000010-14.txt : 0.11904761904761904 0.16666666666666666 0.09523809523809523 0.35714285714285715 0.14285714285714285 0.11904761904761904 
C000010-15.txt : 0.3333333333333333 0.06060606060606061 0.06060606060606061 0.09090909090909091 0.21212121212121213 0.24242424242424243 
C000010-16.txt : 0.09090909090909091 0.15151515151515152 0.21212121212121213 0.18181818181818182 0.21212121212121213 0.15151515151515152 
C000010-17.txt : 0.1111111111111111 0.2777777777777778 0.0 0.3333333333333333 0.16666666666666666 0.1111111111111111 
C000010-18.txt : 0.10256410256410256 0.07692307692307693 0.5897435897435898 0.05128205128205128 0.05128205128205128 0.1282051282051282 
C000010-19.txt : 0.2 0.25 0.05 0.1 0.2 0.2 
C000013-10.txt : 0.3409090909090909 0.1590909090909091 0.11363636363636363 0.045454545454545456 0.045454545454545456 0.29545454545454547 
C000013-11.txt : 0.05555555555555555 0.027777777777777776 0.08333333333333333 0.3888888888888889 0.2222222222222222 0.2222222222222222 
C000013-12.txt : 0.1111111111111111 0.037037037037037035 0.14814814814814814 0.25925925925925924 0.3333333333333333 0.1111111111111111 
C000013-13.txt : 0.07407407407407407 0.3333333333333333 0.1111111111111111 0.18518518518518517 0.07407407407407407 0.2222222222222222 
C000013-14.txt : 0.05 0.05 0.125 0.675 0.075 0.025 
C000013-15.txt : 0.2413793103448276 0.10344827586206896 0.20689655172413793 0.2413793103448276 0.10344827586206896 0.10344827586206896 
C000013-16.txt : 0.1111111111111111 0.18518518518518517 0.037037037037037035 0.25925925925925924 0.18518518518518517 0.2222222222222222 
C000013-17.txt : 0.2 0.13333333333333333 0.13333333333333333 0.2 0.2 0.13333333333333333 
C000013-18.txt : 0.12195121951219512 0.34146341463414637 0.1951219512195122 0.21951219512195122 0.04878048780487805 0.07317073170731707 
C000013-19.txt : 0.21212121212121213 0.30303030303030304 0.15151515151515152 0.15151515151515152 0.12121212121212122 0.06060606060606061 
C000014-10.txt : 0.20512820512820512 0.1794871794871795 0.23076923076923078 0.1282051282051282 0.1282051282051282 0.1282051282051282 
C000014-11.txt : 0.06382978723404255 0.14893617021276595 0.19148936170212766 0.2978723404255319 0.0851063829787234 0.2127659574468085 
C000014-12.txt : 0.2857142857142857 0.2 0.14285714285714285 0.14285714285714285 0.14285714285714285 0.08571428571428572 
C000014-13.txt : 0.1935483870967742 0.25806451612903225 0.16129032258064516 0.03225806451612903 0.0967741935483871 0.25806451612903225 
C000014-14.txt : 0.16 0.0 0.16 0.08 0.08 0.52 
C000014-15.txt : 0.15151515151515152 0.24242424242424243 0.18181818181818182 0.2727272727272727 0.15151515151515152 0.0 
C000014-16.txt : 0.06896551724137931 0.1724137931034483 0.2413793103448276 0.1724137931034483 0.1724137931034483 0.1724137931034483 
C000014-17.txt : 0.24242424242424243 0.0 0.24242424242424243 0.3333333333333333 0.09090909090909091 0.09090909090909091 
C000014-18.txt : 0.2571428571428571 0.11428571428571428 0.34285714285714286 0.08571428571428572 0.11428571428571428 0.08571428571428572 
C000014-19.txt : 0.4166666666666667 0.125 0.041666666666666664 0.08333333333333333 0.16666666666666666 0.16666666666666666 
C000016-10.txt : 0.11428571428571428 0.2571428571428571 0.08571428571428572 0.08571428571428572 0.17142857142857143 0.2857142857142857 
C000016-11.txt : 0.13793103448275862 0.13793103448275862 0.1724137931034483 0.10344827586206896 0.10344827586206896 0.3448275862068966 
C000016-12.txt : 0.14705882352941177 0.07352941176470588 0.029411764705882353 0.07352941176470588 0.07352941176470588 0.6029411764705882 
C000016-13.txt : 0.15384615384615385 0.07692307692307693 0.2692307692307692 0.038461538461538464 0.15384615384615385 0.3076923076923077 
C000016-14.txt : 0.058823529411764705 0.058823529411764705 0.17647058823529413 0.4117647058823529 0.058823529411764705 0.23529411764705882 
C000016-15.txt : 0.10869565217391304 0.08695652173913043 0.15217391304347827 0.021739130434782608 0.08695652173913043 0.5434782608695652 
C000016-16.txt : 0.18181818181818182 0.45454545454545453 0.09090909090909091 0.13636363636363635 0.0 0.13636363636363635 
C000016-17.txt : 0.15 0.25 0.0 0.15 0.1 0.35 
C000016-18.txt : 0.125 0.075 0.15 0.0 0.15 0.5 
C000016-19.txt : 0.11764705882352941 0.08823529411764706 0.08823529411764706 0.14705882352941177 0.08823529411764706 0.47058823529411764 
C000020-10.txt : 0.2608695652173913 0.043478260869565216 0.21739130434782608 0.17391304347826086 0.17391304347826086 0.13043478260869565 
C000020-11.txt : 0.047619047619047616 0.19047619047619047 0.09523809523809523 0.3333333333333333 0.23809523809523808 0.09523809523809523 
C000020-12.txt : 0.06666666666666667 0.4666666666666667 0.2222222222222222 0.1111111111111111 0.08888888888888889 0.044444444444444446 
C000020-13.txt : 0.3870967741935484 0.16129032258064516 0.12903225806451613 0.12903225806451613 0.06451612903225806 0.12903225806451613 
C000020-14.txt : 0.29545454545454547 0.4772727272727273 0.022727272727272728 0.09090909090909091 0.022727272727272728 0.09090909090909091 
C000020-15.txt : 0.2631578947368421 0.21052631578947367 0.05263157894736842 0.18421052631578946 0.10526315789473684 0.18421052631578946 
C000020-16.txt : 0.1111111111111111 0.2777777777777778 0.05555555555555555 0.05555555555555555 0.2777777777777778 0.2222222222222222 
C000020-17.txt : 0.03571428571428571 0.25 0.10714285714285714 0.10714285714285714 0.03571428571428571 0.4642857142857143 
C000020-18.txt : 0.2 0.06666666666666667 0.0 0.26666666666666666 0.26666666666666666 0.2 
C000020-19.txt : 0.10810810810810811 0.43243243243243246 0.02702702702702703 0.05405405405405406 0.2702702702702703 0.10810810810810811 
C000022-10.txt : 0.2 0.55 0.0 0.15 0.05 0.05 
C000022-11.txt : 0.23529411764705882 0.35294117647058826 0.17647058823529413 0.0 0.11764705882352941 0.11764705882352941 
C000022-12.txt : 0.2 0.16 0.12 0.08 0.32 0.12 
C000022-13.txt : 0.05128205128205128 0.1282051282051282 0.1794871794871795 0.02564102564102564 0.46153846153846156 0.15384615384615385 
C000022-14.txt : 0.07692307692307693 0.3076923076923077 0.11538461538461539 0.2692307692307692 0.07692307692307693 0.15384615384615385 
C000022-15.txt : 0.21052631578947367 0.15789473684210525 0.10526315789473684 0.3684210526315789 0.10526315789473684 0.05263157894736842 
C000022-16.txt : 0.13157894736842105 0.02631578947368421 0.15789473684210525 0.13157894736842105 0.34210526315789475 0.21052631578947367 
C000022-17.txt : 0.2 0.2 0.16666666666666666 0.3333333333333333 0.03333333333333333 0.06666666666666667 
C000022-18.txt : 0.16666666666666666 0.3888888888888889 0.05555555555555555 0.1111111111111111 0.1111111111111111 0.16666666666666666 
C000022-19.txt : 0.15 0.0 0.1 0.25 0.425 0.075 
C000023-10.txt : 0.10526315789473684 0.2631578947368421 0.0 0.15789473684210525 0.21052631578947367 0.2631578947368421 
C000023-11.txt : 0.1 0.1 0.1 0.1 0.25 0.35 
C000023-12.txt : 0.07407407407407407 0.14814814814814814 0.09876543209876543 0.04938271604938271 0.5308641975308642 0.09876543209876543 
C000023-13.txt : 0.3181818181818182 0.13636363636363635 0.09090909090909091 0.045454545454545456 0.36363636363636365 0.045454545454545456 
C000023-14.txt : 0.125 0.15 0.2 0.125 0.25 0.15 
C000023-15.txt : 0.13793103448275862 0.27586206896551724 0.0 0.27586206896551724 0.1724137931034483 0.13793103448275862 
C000023-16.txt : 0.058823529411764705 0.17647058823529413 0.23529411764705882 0.23529411764705882 0.20588235294117646 0.08823529411764706 
C000023-17.txt : 0.12 0.12 0.2 0.08 0.2 0.28 
C000023-18.txt : 0.05555555555555555 0.05555555555555555 0.2777777777777778 0.3888888888888889 0.16666666666666666 0.05555555555555555 
C000023-19.txt : 0.21428571428571427 0.07142857142857142 0.07142857142857142 0.14285714285714285 0.21428571428571427 0.2857142857142857 
C000024-10.txt : 0.18518518518518517 0.2222222222222222 0.037037037037037035 0.18518518518518517 0.25925925925925924 0.1111111111111111 
C000024-11.txt : 0.3333333333333333 0.08333333333333333 0.125 0.25 0.20833333333333334 0.0 
C000024-12.txt : 0.11538461538461539 0.07692307692307693 0.15384615384615385 0.23076923076923078 0.2692307692307692 0.15384615384615385 
C000024-13.txt : 0.1 0.03333333333333333 0.26666666666666666 0.2 0.3333333333333333 0.06666666666666667 
C000024-14.txt : 0.26666666666666666 0.28888888888888886 0.2 0.044444444444444446 0.044444444444444446 0.15555555555555556 
C000024-15.txt : 0.18518518518518517 0.2962962962962963 0.18518518518518517 0.1111111111111111 0.14814814814814814 0.07407407407407407 
C000024-16.txt : 0.2413793103448276 0.1724137931034483 0.20689655172413793 0.10344827586206896 0.10344827586206896 0.1724137931034483 
C000024-17.txt : 0.11764705882352941 0.11764705882352941 0.058823529411764705 0.35294117647058826 0.23529411764705882 0.11764705882352941 
C000024-18.txt : 0.3076923076923077 0.038461538461538464 0.15384615384615385 0.07692307692307693 0.2692307692307692 0.15384615384615385 
C000024-19.txt : 0.5 0.25 0.0 0.0 0.25 0.0 
